[gd_scene load_steps=17 format=2]

[ext_resource path="res://Player/Player.tscn" type="PackedScene" id=1]
[ext_resource path="res://Player/Player.gd" type="Script" id=2]
[ext_resource path="res://Terrain.tscn" type="PackedScene" id=3]
[ext_resource path="res://Target/Target.tscn" type="PackedScene" id=4]
[ext_resource path="res://Player/RayCast.gd" type="Script" id=5]
[ext_resource path="res://NPC/NPC.tscn" type="PackedScene" id=6]
[ext_resource path="res://NPC/NPC.gd" type="Script" id=7]
[ext_resource path="res://UI/Dialogue.gd" type="Script" id=8]
[ext_resource path="res://UI/UI.gd" type="Script" id=9]
[ext_resource path="res://Drone/Drone.tscn" type="PackedScene" id=10]
[ext_resource path="res://Assets/Yellow Forest.ogg" type="AudioStream" id=11]
[ext_resource path="res://Environment.tres" type="Environment" id=12]

[sub_resource type="SpatialMaterial" id=1]
albedo_color = Color( 1, 0, 0, 1 )
emission_enabled = true
emission = Color( 1, 0, 0, 1 )
emission_energy = 4.0
emission_operator = 0
emission_on_uv2 = false

[sub_resource type="SphereMesh" id=2]
material = SubResource( 1 )
radius = 0.5
height = 1.0

[sub_resource type="SphereShape" id=3]
radius = 4.73968

[sub_resource type="GIProbeData" id=4]
bounds = AABB( -93.1986, -12.0685, -52.6675, 186.397, 24.1369, 105.335 )
cell_size = 1.45623
to_cell_xform = Transform( 0.686706, 0, 0, 0, 0.686706, 0, 0, 0, 0.686706, 64, 8.28749, 36.1671 )
dynamic_data = PoolIntArray( 0, 8, 128, 32, 128, 1, 0, 0, 316182848, 1, 315981888, 1, 1, 0, 320442368, 1, -1, -1, -1, -1, -1, -1, -1, -1, 0, 0, 8355711, 0 )
dynamic_range = 4
bias = 1.5
normal_bias = 0.0
propagation = 0.7

[node name="Game" type="Spatial"]

[node name="WorldEnvironment" type="WorldEnvironment" parent="."]
environment = ExtResource( 12 )

[node name="Player" parent="." instance=ExtResource( 1 )]
transform = Transform( -0.122354, 0, -0.992486, 0, 1, 0, 0.992486, 0, -0.122354, 43.1246, 0.339888, -13.634 )
collision_layer = 2
collision_mask = 2147483655
script = ExtResource( 2 )

[node name="Pivot" type="Position3D" parent="Player"]

[node name="Camera" type="Camera" parent="Player/Pivot"]
transform = Transform( -1, 5.65818e-08, -3.20891e-07, 0, 0.984808, 0.173648, 3.25841e-07, 0.173648, -0.984808, 0, 5, -8 )

[node name="RayCast" type="RayCast" parent="Player/Pivot"]
transform = Transform( 1, 0, 0, 0, 1, 0, 0, 0, 1, 0, 3, 0 )
enabled = true
cast_to = Vector3( 0, 0, 100 )
script = ExtResource( 5 )

[node name="Reticule" type="Position3D" parent="Player/Pivot/RayCast"]
transform = Transform( 1, 0, 0, 0, 1, 0, 0, 0, 1, 0, 0, 50 )

[node name="MeshInstance" type="MeshInstance" parent="Player/Pivot/RayCast/Reticule"]
mesh = SubResource( 2 )
material/0 = null

[node name="lowpoly_scene" parent="." instance=ExtResource( 3 )]
transform = Transform( 3, 0, 0, 0, 3, 0, 0, 0, 3, 0, 0, 0 )

[node name="Target_container" type="Spatial" parent="."]
visible = false

[node name="Target" parent="Target_container" instance=ExtResource( 4 )]
transform = Transform( 0.939693, 0, 0.34202, 0, 1, 0, -0.34202, 0, 0.939693, -27, 4, 9 )

[node name="Target2" parent="Target_container" instance=ExtResource( 4 )]
transform = Transform( 0.939693, 0, -0.34202, 0, 1, 0, 0.34202, 0, 0.939693, -32.36, 2.13, -17.54 )

[node name="Target3" parent="Target_container" instance=ExtResource( 4 )]
transform = Transform( 0.766044, 0, -0.642788, 0, 1, 0, 0.642788, 0, 0.766044, -56.36, 13.546, -54.36 )

[node name="Target4" parent="Target_container" instance=ExtResource( 4 )]
transform = Transform( 0.766044, 0, -0.642788, 0, 1, 0, 0.642788, 0, 0.766044, -30.3673, 3.41024, -44.6574 )

[node name="Target5" parent="Target_container" instance=ExtResource( 4 )]
transform = Transform( -1.62921e-07, 0, -1, 0, 1, 0, 1, 0, -1.62921e-07, 15.258, 3.678, -53.67 )

[node name="Target6" parent="Target_container" instance=ExtResource( 4 )]
transform = Transform( 0.764021, 0, -0.645191, 0, 1, 0, 0.645191, 0, 0.764021, -10.8891, 3.678, -33.2664 )

[node name="Target7" parent="Target_container" instance=ExtResource( 4 )]
transform = Transform( 0.963373, 0, 0.268163, 0, 1, 0, -0.268163, 0, 0.963373, 14.951, 1.70165, -14.321 )

[node name="Target8" parent="Target_container" instance=ExtResource( 4 )]
transform = Transform( 0.747868, 0, 0.663848, 0, 1, 0, -0.663848, 0, 0.747868, 6.48444, 7.67702, -4.1273 )

[node name="Explosions" type="Spatial" parent="."]

[node name="Drone_container" type="Spatial" parent="."]

[node name="Drone" parent="Drone_container" instance=ExtResource( 10 )]
transform = Transform( 1, 0, 0, 0, 1, 0, 0, 0, 1, 0, 20, 100 )

[node name="NPC" parent="." instance=ExtResource( 6 )]
transform = Transform( 0.0941603, 0, 0.995557, 0, 1, 0, -0.995557, 0, 0.0941603, 25.0525, 0, -15.4533 )
script = ExtResource( 7 )

[node name="Area" type="Area" parent="NPC"]
transform = Transform( 1, 0, 0, 0, 1, 0, 0, 0, 1, 0, 0.584397, 0 )
collision_layer = 2
collision_mask = 2

[node name="CollisionShape" type="CollisionShape" parent="NPC/Area"]
transform = Transform( 1, 0, 0, 0, 1, 0, 0, 0, 1, -0.0882874, 0, 0 )
shape = SubResource( 3 )

[node name="Music" type="AudioStreamPlayer" parent="."]
stream = ExtResource( 11 )
autoplay = true

[node name="UI" type="CanvasLayer" parent="."]
script = ExtResource( 9 )

[node name="Damage" type="ColorRect" parent="UI"]
anchor_right = 1.0
anchor_bottom = 1.0
color = Color( 1, 0, 0, 0 )
__meta__ = {
"_edit_use_anchors_": false
}

[node name="Background" type="ColorRect" parent="UI"]
anchor_right = 1.0
margin_bottom = 30.0
color = Color( 0, 0, 0, 0.501961 )
__meta__ = {
"_edit_use_anchors_": false
}

[node name="Score" type="Label" parent="UI"]
margin_left = 10.0
margin_right = 510.0
margin_bottom = 30.0
text = "Score:"
valign = 1
__meta__ = {
"_edit_use_anchors_": false
}

[node name="Time" type="Label" parent="UI"]
margin_left = 512.0
margin_right = 1014.0
margin_bottom = 30.0
text = "Timer: 00:00"
align = 2
valign = 1
__meta__ = {
"_edit_use_anchors_": false
}

[node name="Timer" type="Timer" parent="UI"]

[node name="Dialogue" type="Control" parent="UI"]
visible = false
anchor_right = 1.0
anchor_bottom = 1.0
script = ExtResource( 8 )
__meta__ = {
"_edit_use_anchors_": false
}

[node name="Background" type="ColorRect" parent="UI/Dialogue"]
anchor_top = 1.0
anchor_right = 1.0
anchor_bottom = 1.0
margin_top = -30.0
color = Color( 0, 0, 0, 0.501961 )
__meta__ = {
"_edit_use_anchors_": false
}

[node name="Text" type="RichTextLabel" parent="UI/Dialogue"]
anchor_top = 1.0
anchor_right = 1.0
anchor_bottom = 1.0
margin_top = -20.0
margin_bottom = 10.0
bbcode_enabled = true
__meta__ = {
"_edit_use_anchors_": false
}

[node name="GIProbe" type="GIProbe" parent="."]
transform = Transform( 1, 0, 0, 0, 1, 0, 0, 0, 1, -3.42239, 10.7594, -25.2649 )
extents = Vector3( 93.1986, 12.0685, 52.6675 )
data = SubResource( 4 )

[node name="Campfire" type="OmniLight" parent="."]
transform = Transform( 1, 0, 0, 0, 1, 0, 0, 0, 1, 14.8354, 1.32953, -6.85571 )
light_color = Color( 1, 0.470588, 0, 1 )
light_energy = 4.0
omni_attenuation = 1.5

[node name="Mountain" type="OmniLight" parent="."]
transform = Transform( 1, 0, 0, 0, 1, 0, 0, 0, 1, -73.2468, 20.1589, -61.409 )
light_color = Color( 0.670588, 0.882353, 0.945098, 1 )
light_energy = 5.0
omni_range = 13.1048
omni_attenuation = 1.5
[connection signal="body_entered" from="NPC/Area" to="NPC" method="_on_Area_body_entered"]
[connection signal="body_exited" from="NPC/Area" to="NPC" method="_on_Area_body_exited"]
[connection signal="timeout" from="UI/Timer" to="UI" method="_on_Timer_timeout"]
